6.98
6.97
6.99
6.97
6.97
6.97
6.97
6.97
6.96
7.03
7.01
6.95
6.96
6.96
6.96
7.02
6.99
6.92
6.92
6.99
7.00
6.98
6.98
6.99
6.95
7.01
6.96
6.99
6.98
6.97
6.97
6.99
6.97
6.99
6.96
6.98
7.00
6.94
7.00
6.95
6.97
6.97
6.95
6.98
6.98
7.00
6.97
7.00
6.96
6.94
6.94
6.95
6.97
6.98
6.97
6.94
6.98
6.98
7.00
6.98
7.00
6.99
6.98
6.99
6.98
6.98
6.97
6.96
6.95
6.96
7.01
6.98
6.96
6.97
6.94
6.97
6.98
6.89
6.97
6.97
6.97
7.03
6.92
6.98
6.98
6.97
6.95
6.96
6.92
6.97
6.99
6.95
6.96
6.97
6.97
6.97
6.97
7.00
6.96
6.99
6.96
6.95
6.98
6.96
6.98
6.95
6.97
6.99
6.98
7.00
6.98
6.94
6.96
6.99
6.97
6.90
7.00
6.94
6.99
6.95
6.95
6.96
6.98
6.98
6.94
6.97
6.98
6.97
6.97
6.96
6.96
6.95
7.00
6.97
6.98
6.95
6.96
6.97
6.99
6.98
7.02
6.96
7.00
6.98
6.95
6.98
6.98
6.94
6.95
6.96
6.93
6.95
6.96
7.00
6.96
6.98
6.98
6.98
6.99
6.98
6.95
6.96
6.97
6.99
6.97
6.93
6.98
6.92
7.06
7.01
6.98
7.01
6.98
6.94
6.99
7.04
6.96
6.97
6.97
6.97
6.96
6.96
6.90
6.99
7.00
6.97
7.00
6.97
6.97
6.96
6.97
7.00
6.95
7.00
6.98
6.94
6.94
6.97
6.99
6.92
6.96
6.97
6.98
6.93
6.95
6.97
6.97
6.94
6.96
7.00
6.97
6.97
6.99
6.93
6.98
6.92
6.99
6.96
7.01
6.98
6.99
6.99
6.96
6.96
7.03
6.96
6.97
6.99
6.98
6.99
6.98
6.97
6.95
6.97
6.97
6.98
6.77
7.00
6.97
6.94
6.98
6.95
6.99
7.00
6.95
6.92
6.97
6.95
6.97
6.98
7.05
6.94
6.99
7.00
6.98
6.98
6.96
6.97
6.97
6.96
6.96
6.95
7.03
7.01
6.99
6.97
6.97
6.98
6.96
6.98
6.96
7.01
7.01
6.95
7.01
6.98
6.99
6.99
6.97
6.96
6.98
6.95
6.97
6.95
6.99
6.98
6.97
6.99
6.98
7.00
6.97
6.95
6.99
6.96
6.98
6.96
6.97
6.99
6.97
7.00
6.94
6.94
6.96
6.98
6.92
6.97
6.96
7.02
6.90
6.94
6.98
7.03
