8.20
7.50
7.33
7.40
7.20
7.00
6.50
7.00
7.40
8.17
7.20
7.60
7.25
7.20
6.60
7.00
8.80
7.00
5.50
6.75
8.33
7.80
8.25
8.40
7.00
7.60
7.50
7.00
6.80
7.00
6.00
6.80
7.80
7.00
6.25
7.50
8.40
6.00
7.20
6.00
6.80
7.40
7.40
6.00
8.00
6.75
7.00
8.80
5.60
6.40
7.80
6.80
7.00
6.80
7.00
6.00
6.80
7.80
8.20
7.40
6.20
8.00
7.00
8.00
7.20
6.80
7.60
7.40
6.60
6.80
8.40
7.50
6.80
7.00
6.60
8.00
6.20
6.20
7.60
6.60
7.20
8.00
6.50
8.00
7.80
6.40
7.20
7.50
7.00
6.60
6.40
7.60
6.00
6.20
7.00
6.00
7.00
7.40
7.00
7.20
6.50
6.80
7.40
7.20
8.00
6.40
7.00
8.00
7.20
7.75
6.75
6.00
6.60
8.00
7.00
6.25
7.50
8.20
6.60
7.60
7.00
6.40
7.00
7.00
7.60
7.25
7.60
7.60
6.80
8.00
7.40
6.00
7.60
7.20
6.80
6.25
5.60
7.50
7.25
6.40
7.40
7.00
7.25
7.33
6.20
6.20
6.20
6.60
6.40
7.80
5.60
5.67
6.60
6.60
6.00
7.00
6.60
7.40
7.60
7.00
7.20
6.40
6.40
6.50
8.25
6.80
5.80
7.17
6.60
7.20
7.00
6.25
6.75
6.00
8.00
7.40
7.20
6.50
7.40
6.80
7.00
6.00
5.80
6.75
7.80
7.00
6.40
7.00
6.25
7.25
6.25
8.00
7.25
7.20
7.00
5.50
7.60
7.20
7.60
7.20
7.60
6.80
7.25
5.60
6.00
7.20
7.25
7.40
7.00
7.60
7.40
6.00
7.25
6.20
7.75
7.80
7.25
5.50
7.00
7.67
7.00
7.20
8.60
6.75
7.20
6.67
7.00
7.00
7.00
7.40
7.80
6.20
6.50
6.50
6.00
6.67
3.75
7.50
7.50
7.00
6.60
6.40
8.20
8.00
6.40
5.40
6.50
6.60
7.80
7.60
9.00
6.00
6.40
7.40
6.60
8.20
6.80
6.80
7.20
7.80
6.67
7.20
7.50
7.00
8.00
7.00
7.80
7.00
7.75
7.40
6.40
7.00
7.00
7.00
8.25
7.00
7.00
7.60
7.00
6.60
7.40
8.00
7.40
6.40
7.40
6.33
7.75
8.20
7.33
6.40
6.50
8.00
8.00
7.00
7.60
7.00
7.00
7.20
7.00
7.40
5.80
7.40
7.40
7.80
7.25
6.80
7.00
7.60
3.75
6.40
7.60
7.25
