7.04
7.02
7.02
7.02
7.02
7.00
6.99
7.02
7.03
7.02
7.03
7.01
7.00
7.02
7.01
6.99
7.02
7.03
7.00
7.00
7.03
6.99
7.03
7.02
7.00
7.02
7.04
7.01
7.01
7.02
6.99
7.01
7.01
7.01
7.00
7.02
7.02
7.01
7.02
6.98
7.02
7.03
7.02
7.01
6.99
7.00
6.99
7.03
6.99
7.00
7.01
7.00
7.01
7.01
7.01
6.99
7.02
7.02
7.04
7.02
6.99
7.02
7.02
7.02
7.01
7.02
7.02
7.02
7.00
6.98
7.04
7.00
7.00
7.01
7.00
7.02
7.01
6.99
7.04
7.00
7.00
6.99
6.98
7.01
7.03
6.99
7.03
7.02
6.98
7.00
7.00
7.01
7.00
7.01
7.00
6.99
7.01
7.02
7.00
7.01
6.98
6.98
7.00
7.01
7.03
7.00
7.02
7.03
7.02
7.04
7.01
7.00
7.00
7.02
7.02
7.01
7.03
6.99
7.02
7.02
7.02
7.02
7.02
7.02
7.03
7.02
7.01
7.02
7.02
7.02
7.02
7.01
7.01
7.02
7.01
7.00
7.01
7.00
7.00
7.00
7.03
7.00
7.02
7.02
7.01
6.99
7.01
7.00
6.99
7.03
6.99
6.98
7.00
7.00
6.99
7.01
7.00
7.04
7.02
7.02
6.99
7.01
6.99
7.00
7.03
7.02
6.99
7.01
7.02
7.01
7.00
6.97
7.00
7.01
7.02
7.03
7.00
7.00
7.01
7.01
7.00
6.99
6.98
7.02
7.02
7.02
7.00
7.02
7.00
7.02
6.99
7.02
7.03
7.03
7.02
7.00
7.04
7.02
7.02
7.02
7.02
7.02
7.03
7.00
6.98
7.01
7.02
7.03
7.01
6.97
7.01
7.00
7.02
7.00
7.01
7.01
7.01
6.99
7.02
7.02
6.99
7.02
7.05
7.00
7.02
7.00
7.01
7.02
7.01
7.00
7.03
7.00
6.99
7.00
7.00
7.00
6.86
7.03
7.01
7.02
7.00
6.99
7.02
7.02
7.01
7.00
6.99
7.00
7.02
7.01
7.03
6.97
7.02
7.01
7.02
7.00
7.00
7.00
7.02
7.02
7.01
7.02
7.03
7.02
7.02
7.01
7.02
7.00
7.03
7.01
7.02
7.00
7.01
7.00
7.02
7.01
7.02
7.02
7.02
7.01
7.02
7.03
7.01
6.98
7.02
7.00
7.01
7.03
7.02
7.02
7.01
7.03
7.01
7.03
7.02
7.02
7.01
7.02
7.02
7.03
6.99
7.03
7.02
7.03
7.01
7.01
7.01
7.02
6.98
6.98
7.01
7.01
