7.06
7.03
7.04
7.04
7.03
7.04
7.03
7.04
7.05
7.05
7.06
7.03
7.02
7.05
7.04
7.04
7.04
7.02
7.03
7.05
7.06
7.03
7.07
7.05
7.03
7.06
7.04
7.05
7.04
7.04
7.03
7.04
7.03
7.04
7.02
7.05
7.06
7.02
7.05
6.98
7.04
7.04
7.02
7.04
7.03
7.04
7.03
7.05
7.02
7.02
7.03
7.03
7.04
7.01
7.04
7.01
7.05
7.04
7.06
7.04
7.04
7.04
7.05
7.04
7.03
7.04
7.05
7.04
7.02
7.04
7.05
7.04
7.03
7.03
7.02
7.04
7.04
7.01
7.05
7.04
7.03
7.04
7.02
7.03
7.05
7.04
7.04
7.04
7.02
7.04
7.04
7.03
7.02
7.04
7.03
7.04
7.05
7.05
7.03
7.04
7.01
7.04
7.05
7.02
7.05
7.03
7.05
7.05
7.04
7.05
7.04
7.02
7.04
7.04
7.04
7.00
7.05
7.00
7.06
7.04
7.04
7.03
7.05
7.05
7.04
7.03
7.02
7.04
7.04
7.03
7.04
7.03
7.04
7.04
7.04
7.02
7.02
7.02
7.04
7.03
7.07
7.03
7.05
7.06
7.03
7.03
7.04
7.02
7.03
7.05
7.02
7.02
7.02
7.04
7.02
7.04
7.04
7.04
7.05
7.04
7.02
7.03
7.03
7.04
7.05
7.04
7.04
7.02
7.03
7.02
7.03
7.03
7.04
7.02
7.04
7.06
7.02
7.03
7.04
7.04
7.03
7.03
7.01
7.04
7.05
7.04
7.03
7.04
7.04
7.03
7.03
7.05
7.04
7.06
7.05
7.02
7.06
7.05
7.04
7.03
7.04
7.02
7.04
7.03
7.02
7.04
7.04
7.03
7.04
7.01
7.00
7.04
7.04
7.01
7.03
7.02
7.04
7.02
7.04
7.04
7.03
7.05
7.06
7.03
7.03
7.03
7.04
7.04
7.03
7.04
7.04
7.02
7.03
7.03
7.04
7.03
6.96
7.05
7.04
7.04
7.03
7.02
7.05
7.04
7.03
7.01
7.03
7.04
7.04
7.03
7.04
7.02
7.03
7.03
7.03
7.02
7.02
7.03
7.04
7.05
7.03
7.03
7.05
7.06
7.04
7.04
7.04
7.03
7.04
7.05
7.04
7.06
7.05
7.03
7.06
7.04
7.05
7.05
7.04
7.03
7.03
7.04
7.04
7.02
7.04
7.03
7.03
7.05
7.04
7.05
7.04
7.03
7.04
7.02
7.04
7.05
7.04
7.05
7.04
7.05
7.03
7.04
7.04
7.05
7.03
7.03
7.04
7.04
7.03
7.03
7.03
7.04
