6.00
7.20
6.00
7.50
7.00
6.80
7.80
7.60
7.00
6.80
6.40
5.75
7.80
7.00
6.83
7.00
6.80
8.00
6.60
6.80
6.50
6.80
7.80
6.40
6.20
8.00
7.50
7.00
6.25
8.00
6.25
6.20
5.60
6.80
7.00
7.20
7.00
6.33
6.00
5.40
7.00
6.00
6.50
6.00
7.00
8.00
8.00
7.25
7.60
6.67
7.00
6.50
7.20
8.00
6.40
8.00
6.60
6.40
7.60
7.00
6.20
6.20
7.40
7.40
7.67
6.60
6.00
7.67
7.67
6.40
6.80
6.40
6.20
7.67
6.80
6.75
7.00
6.60
6.75
7.00
7.60
6.75
6.80
7.60
7.60
7.20
7.80
7.00
7.00
6.60
8.00
6.60
6.40
6.75
7.00
5.50
8.40
6.60
7.20
7.83
6.25
7.50
8.00
7.60
7.20
8.20
8.00
7.00
5.25
8.00
7.20
8.00
8.00
7.20
7.40
6.60
7.33
7.80
6.40
7.80
6.80
6.25
6.60
6.50
6.80
7.00
8.00
6.75
7.00
7.00
7.60
7.00
8.00
7.00
7.00
6.75
6.80
7.20
7.00
6.60
4.67
7.20
7.75
7.00
7.60
8.00
6.75
7.60
7.50
7.33
6.25
8.00
7.25
3.50
7.40
7.00
6.00
7.00
7.00
7.75
7.33
6.20
7.20
6.67
6.75
7.20
7.25
6.00
7.75
7.50
6.80
6.80
8.80
7.25
7.00
7.40
5.40
7.00
7.50
7.80
7.60
6.40
8.00
7.50
6.25
6.80
6.00
6.75
7.00
7.00
8.00
7.00
7.67
8.20
7.00
7.67
8.20
5.40
7.40
7.80
7.50
7.50
7.20
6.00
6.60
7.40
5.00
7.00
7.75
7.00
7.20
6.60
8.00
6.80
6.60
7.80
5.80
5.80
6.60
7.20
7.80
6.40
7.20
6.80
5.67
7.00
7.00
7.00
7.20
7.80
8.00
7.80
6.20
7.20
6.20
7.00
7.20
7.60
7.20
9.00
7.00
7.75
7.20
6.40
7.00
8.00
8.00
7.60
7.00
8.25
7.80
7.20
5.50
7.20
6.60
8.00
6.80
6.00
7.60
6.80
7.25
6.80
7.50
8.00
7.60
6.80
5.50
6.20
7.60
7.00
7.25
7.25
7.60
6.20
7.00
7.20
7.40
6.20
6.00
6.75
6.00
6.20
6.50
6.00
6.80
8.25
7.00
6.60
7.00
7.40
7.33
6.40
8.67
6.75
7.75
7.00
7.40
7.00
7.40
6.33
5.60
7.00
7.00
7.40
7.25
7.60
7.20
8.00
6.20
7.80
6.80
6.60
