6.89
6.93
6.93
6.94
6.95
6.96
6.92
6.93
6.91
6.94
6.91
6.90
6.95
6.92
6.92
6.94
6.95
6.98
6.91
6.94
6.96
6.96
6.93
6.93
6.92
6.98
6.97
6.94
6.92
6.97
6.90
6.91
6.89
6.94
6.93
6.94
6.95
6.89
6.89
6.85
6.95
6.91
6.93
6.88
6.93
6.94
6.97
6.95
6.92
6.94
6.90
6.93
6.91
6.97
6.86
6.97
6.92
6.92
6.95
6.92
6.89
6.92
6.93
6.91
6.94
6.94
6.87
6.91
6.96
6.91
6.96
6.90
6.92
6.91
6.93
6.94
6.93
6.95
6.94
6.96
6.95
6.91
6.91
6.97
6.94
6.93
6.96
6.92
6.92
6.91
6.95
6.92
6.92
6.93
6.94
6.91
6.97
6.91
6.93
6.92
6.92
6.94
6.91
6.96
6.95
6.96
6.95
6.96
6.85
6.96
6.94
6.95
6.98
6.96
6.96
6.91
6.94
6.95
6.90
6.96
6.88
6.89
6.92
6.94
6.94
6.92
6.92
6.91
6.93
6.93
6.96
6.92
6.96
6.93
7.00
6.98
6.91
6.95
6.93
6.94
6.89
6.94
6.95
6.98
6.95
6.97
6.95
6.93
6.94
6.97
6.91
6.96
6.92
6.87
6.94
6.95
6.93
6.93
6.93
6.96
6.93
6.95
6.94
6.94
6.90
6.95
6.91
6.89
6.95
6.93
6.90
6.92
6.96
6.95
6.95
6.93
6.91
6.93
6.95
6.98
6.92
6.92
6.96
6.92
6.90
6.94
6.88
6.95
6.91
6.95
6.96
6.95
6.96
6.94
6.93
6.92
6.99
6.89
6.95
6.95
6.95
6.94
6.89
6.93
6.93
6.94
6.91
6.93
6.94
6.94
6.94
6.92
6.96
6.89
6.92
6.95
6.90
6.86
6.91
6.95
6.95
6.95
6.92
6.92
6.88
6.92
6.96
6.92
6.96
6.94
6.89
6.96
6.91
6.97
6.96
6.92
6.97
6.94
6.98
6.98
6.95
6.97
6.94
6.89
6.92
6.95
6.97
6.96
6.93
6.97
6.92
6.93
6.89
6.95
6.91
6.97
6.92
6.88
6.96
6.96
6.95
6.92
6.91
6.98
6.96
6.89
6.91
6.93
6.93
6.94
6.95
6.95
6.90
6.91
6.93
6.94
6.96
6.91
6.92
6.92
6.89
6.93
6.93
6.83
6.95
6.98
6.95
6.97
6.91
6.93
6.95
6.91
6.96
6.92
6.94
6.93
6.94
6.96
6.93
6.92
6.90
6.91
6.93
6.94
6.95
6.95
6.86
6.96
6.92
6.92
6.93
6.93
