6.99
6.99
6.97
6.96
6.97
6.96
6.97
6.96
6.99
7.02
7.00
6.95
6.95
6.99
6.99
6.97
7.00
6.99
6.91
6.98
7.00
6.97
6.96
7.03
6.95
7.02
6.97
7.01
6.95
6.96
6.96
6.98
6.95
6.96
6.94
6.95
7.00
6.94
6.99
6.86
6.96
6.97
6.97
6.97
6.99
6.95
6.98
7.00
6.93
6.93
7.00
6.93
6.98
6.90
6.95
6.94
6.98
6.96
7.01
6.99
6.98
6.96
6.97
7.00
6.95
6.98
6.98
7.00
6.97
6.99
7.01
6.99
6.97
6.95
6.93
6.96
6.98
6.94
6.98
6.96
6.99
6.99
6.98
6.98
7.01
6.98
6.97
6.99
6.89
6.98
6.97
7.00
6.98
6.97
6.98
6.97
6.95
7.03
6.96
6.98
6.98
6.99
7.01
6.96
6.99
6.97
6.97
7.00
6.97
7.00
6.97
6.92
6.99
6.97
6.97
6.94
6.98
6.92
6.98
6.98
6.97
6.94
7.00
6.98
7.00
6.96
6.98
6.96
6.96
6.96
6.95
6.94
7.01
6.97
6.97
6.95
6.95
6.97
6.98
6.93
7.01
6.94
7.01
6.96
6.95
6.98
6.98
6.94
6.99
6.96
6.91
6.95
6.94
6.96
6.92
6.98
6.99
6.97
7.02
6.97
6.93
6.96
6.94
7.00
6.95
6.97
6.98
6.95
6.97
6.95
7.00
6.96
7.03
6.93
6.99
6.99
6.96
6.95
6.96
6.97
6.94
6.94
6.89
6.96
7.00
6.96
6.96
6.92
6.97
7.01
6.95
6.98
6.96
7.00
7.00
6.93
6.97
6.96
6.98
6.94
7.02
6.95
6.99
6.94
6.93
6.98
6.98
6.96
6.95
6.85
7.00
6.99
7.00
6.92
6.98
6.94
6.97
6.94
6.97
6.95
7.00
6.97
6.96
6.96
6.99
6.95
6.96
6.96
6.96
6.99
6.98
6.97
6.96
6.99
6.96
6.98
6.77
6.98
6.95
6.96
6.96
6.92
7.01
7.01
6.95
6.94
6.96
6.97
7.01
6.99
7.00
6.95
6.97
7.00
6.97
6.98
6.95
6.96
6.96
7.00
6.94
6.95
7.03
6.98
6.96
6.98
7.00
6.98
6.99
6.98
7.00
7.02
6.99
6.95
6.98
6.99
6.99
7.01
6.96
6.97
6.98
6.96
6.97
6.95
6.99
6.94
6.93
7.00
6.97
6.99
6.98
6.96
6.99
7.02
7.00
6.96
6.96
6.97
6.96
6.98
6.98
6.95
6.96
6.97
6.96
6.95
6.95
7.02
6.93
6.99
6.97
6.98
