6.97
6.97
6.94
6.97
6.97
6.97
6.99
6.98
6.98
6.98
6.90
6.98
6.95
6.98
6.98
6.97
6.97
6.96
6.94
6.98
6.95
6.97
6.97
6.97
6.98
6.96
6.93
6.98
6.97
6.96
6.98
6.97
6.97
6.97
7.00
6.99
6.96
6.98
6.97
6.89
6.97
6.97
6.95
6.96
6.96
6.98
6.98
6.96
7.01
6.92
6.97
6.94
6.97
6.97
6.99
6.97
6.96
6.98
6.97
6.97
6.96
7.04
6.98
6.98
6.98
6.94
6.92
6.99
7.00
6.97
6.94
6.98
6.97
7.02
6.97
6.96
6.95
6.97
6.97
6.97
6.96
6.98
6.99
6.97
7.00
6.97
6.99
6.99
6.98
6.97
6.98
6.95
6.96
6.99
6.97
6.94
6.98
6.97
6.97
6.98
6.98
6.98
6.97
6.98
6.98
6.98
6.99
6.93
6.90
6.98
6.98
6.97
6.97
6.99
6.98
6.98
6.98
6.97
6.96
7.00
7.03
6.97
6.98
6.97
6.97
6.99
6.99
6.98
6.99
6.98
6.97
6.98
6.98
6.99
6.98
6.94
6.99
6.96
6.98
6.96
6.97
6.96
6.98
6.93
6.97
7.00
6.95
6.98
6.97
6.95
6.96
6.99
6.98
6.93
6.96
6.97
6.98
6.98
6.98
7.00
6.97
6.97
6.98
6.95
6.98
6.98
6.98
6.97
6.99
6.98
6.97
6.98
6.98
6.97
6.96
6.95
6.96
6.97
6.96
6.95
6.97
6.94
6.98
6.96
6.95
6.96
6.97
6.97
6.99
6.96
6.97
6.94
6.96
6.96
6.95
6.97
6.96
6.94
6.94
6.97
6.98
6.98
7.00
6.93
6.97
6.97
6.97
6.98
6.97
6.96
6.99
6.98
6.99
6.99
6.98
6.97
6.97
6.97
6.98
6.98
6.97
6.96
6.95
6.97
6.94
6.98
6.98
6.99
6.97
6.98
6.97
6.99
6.98
7.02
6.99
6.97
6.97
6.97
6.96
6.96
6.98
6.96
6.96
6.97
6.97
6.98
6.97
6.91
6.95
6.99
6.99
6.97
6.93
6.98
6.98
6.97
6.99
6.96
6.94
6.98
6.97
6.96
6.98
6.95
6.98
6.99
6.93
6.97
6.95
6.98
6.93
6.97
7.00
6.95
6.98
6.98
6.97
6.98
6.97
6.97
6.97
6.96
6.94
6.93
6.96
6.98
6.99
7.00
6.97
6.97
6.97
6.88
6.97
6.99
6.98
6.98
6.97
6.97
6.96
6.96
6.97
6.98
6.94
6.96
6.97
6.95
7.00
6.90
6.97
6.98
6.97
6.91
