6.86
6.84
6.83
6.83
6.84
6.85
6.84
6.82
6.84
6.82
6.81
6.85
6.83
6.83
6.85
6.82
6.84
6.82
6.75
6.84
6.87
6.86
6.84
6.83
6.83
6.81
6.73
6.84
6.85
6.84
6.86
6.84
6.83
6.83
6.84
6.86
6.82
6.84
6.83
6.82
6.84
6.82
6.83
6.83
6.85
6.85
6.82
6.83
6.83
6.85
6.82
6.83
6.84
6.85
6.80
6.85
6.81
6.85
6.83
6.83
6.83
6.89
6.82
6.85
6.82
6.81
6.83
6.86
6.80
6.82
6.82
6.83
6.84
6.86
6.82
6.82
6.82
6.84
6.83
6.86
6.82
6.85
6.86
6.84
6.85
6.82
6.84
6.85
6.83
6.81
6.84
6.88
6.86
6.83
6.82
6.81
6.84
6.85
6.83
6.83
6.85
6.85
6.84
6.88
6.84
6.86
6.83
6.83
6.78
6.87
6.86
6.84
6.83
6.85
6.82
6.86
6.88
6.83
6.83
6.83
6.79
6.84
6.84
6.86
6.84
6.85
6.85
6.82
6.85
6.85
6.85
6.85
6.83
6.85
6.88
6.74
6.86
6.81
6.85
6.83
6.80
6.84
6.85
6.82
6.86
6.85
6.83
6.85
6.82
6.83
6.84
6.85
6.83
6.84
6.82
6.84
6.80
6.84
6.85
6.84
6.85
6.84
6.85
6.82
6.87
6.86
6.86
6.84
6.85
6.85
6.84
6.85
6.83
6.83
6.83
6.83
6.82
6.85
6.85
6.81
6.82
6.84
6.84
6.88
6.82
6.84
6.76
6.83
6.86
6.84
6.84
6.82
6.83
6.80
6.84
6.82
6.82
6.81
6.85
6.85
6.85
6.83
6.82
6.78
6.85
6.85
6.80
6.86
6.84
6.83
6.86
6.83
6.86
6.87
6.85
6.84
6.84
6.83
6.85
6.84
6.83
6.84
6.85
6.84
6.82
6.84
6.86
6.87
6.84
6.84
6.82
6.85
6.83
6.70
6.84
6.84
6.85
6.83
6.84
6.86
6.86
6.83
6.83
6.84
6.85
6.82
6.84
6.86
6.81
6.85
6.83
6.85
6.78
6.85
6.82
6.83
6.85
6.83
6.83
6.87
6.85
6.82
6.84
6.85
6.86
6.85
6.78
6.81
6.81
6.84
6.83
6.86
6.82
6.79
6.84
6.84
6.83
6.84
6.83
6.82
6.82
6.84
6.83
6.77
6.80
6.83
6.88
6.85
6.83
6.85
6.82
6.82
6.84
6.85
6.84
6.85
6.84
6.83
6.83
6.86
6.83
6.84
6.83
6.85
6.88
6.84
6.83
6.80
6.83
6.85
6.84
6.82
